optical_reference:
  pos:
    z: 5
    x: 68.48177337646484
    y: 123.7093811035156
dicing_state:
  slice: 0
  cube: 3
  well_counter: 3
brain_sample:
  bottom_right:
    x: 77.93787384033203
    y: 95.61904907226562
    z: -26.1361083984375
  top_left:
    x: 56.11744689941406
    y: 170.2647705078125
    z: -33.96216583251953
ninety_six_well:
  top_left:
    y: [350.203857421875, 349.2750854492188]
    x: [10.28278827667236, 94.88372802734375]
    z: [-9.25538444519043, -9.280170440673828]
  distance: 8.95
  bottom_right:
    y: [251.9098510742188, 251.6036834716797]
    z: [-9.324396133422852, -8.871443748474121]
    x: [71.81233215332031, 156.4638061523438]
tool:
  dwell_on_surface: 0
  camera_offset:
    y: 45.7
    x: 5.7
  size: 6.3
  type: 0
  dispense_depth: 31
  dispense_repetitions: 3
  cut_depth: 18
camera:
  calibration_file_path:
    hi_res: /home/braindicer/workspace/yac-nc1/software/src/cnc_gui/calibration/imx258_high_resolution.xml
    lo_res: /home/braindicer/workspace/yac-nc1/software/src/cnc_gui/calibration/imx258_low_resolution.xml
  focus_absolute: 108
  pixel_per_mm:
    hi_res:
      y: 75.65467
      x: 75.96905
    lo_res:
      x: 12.22347
      y: 11.59533
  id: 0
  exposure_absolute: 30
cleanser:
  pos:
    y: 43.74002075195312
    x: 48.75454711914062
    z: -8.750430107116699
  time: 5
  intensity: 100
  strategy: 0
  frequency: 1
  tool_depth: 35.85465
  dwell_after_clean: 3
cnc:
  dimension:
    y: 397
    x: 160