optical_reference:
  pos:
    z: 5
    x: 69.02220916748047
    y: 134.3770751953125
dicing_state:
  slice: 0
  cube: 1
  well_counter: 0
brain_sample:
  bottom_right:
    x: 155.8320159912109
    y: 35.30889892578125
    z: -26.14339828491211
  top_left:
    x: 2.3891761302948
    y: 218.4059906005859
    z: -26.25906562805176
ninety_six_well:
  top_left:
    y: [349.9035034179688, 350.0186767578125]
    x: [10.29882621765137, 94.74958801269531]
    z: [-9.26315975189209, -9.282600402832031]
  distance: 8.95
  bottom_right:
    y: [251.4656524658203, 251.5968780517578]
    z: [-9.329742431640625, -8.875818252563477]
    x: [71.56544494628906, 156.0579986572266]
tool:
  dwell_on_surface: 1
  camera_offset:
    y: 45
    x: 6
  size: 6.3
  type: 0
  dispense_depth: 31
  dispense_repetitions: 3
  cut_depth: 25
camera:
  calibration_file_path:
    hi_res: /home/letrend/workspace/yac-nc1/software/src/cnc_gui/calibration/imx258_high_resolution.xml
    lo_res: /home/letrend/workspace/yac-nc1/software/src/cnc_gui/calibration/imx258_low_resolution.xml
  focus_absolute: 81
  pixel_per_mm:
    hi_res:
      y: 50.33955
      x: 50.54678
    lo_res:
      x: 8.105807
      y: 7.691703
  id: 2
  exposure_absolute: 30
cleanser:
  pos:
    y: 43.66079711914062
    x: 48.5820198059082
    z: -6.51677417755127
  time: 5
  intensity: 100
  strategy: 0
  frequency: 1
  tool_depth: 35.86631
  dwell_after_clean: 3
cnc:
  dimension:
    y: 397
    x: 160